# Words		Negative	Positive	
ofpersiathe	3,16993		1,00000		
persiathesands	2,80736		1,00000		
princeofpersia	3,70044		1,00000		
sandsoftime	3,16993		1,00000		
thesandsof	3,00000		1,00000		
thetwothrones	3,00000		1,00000		
вселеннойлюдейикс	1,00000		3,00000		
дниминувшегобудущего	1,00000		4,52356		
досихпор		1,87447		1,37851		
изпрямаяссылка	1,58496		1,58496		
иксдниминувшего	1,00000		4,32193		
июня		3,16993		1,00000		
комментарийдобавитькомментариймая	1,00000		3,45943		
комментариймая	1,00000		3,45943		
людииксдни	1,00000		4,08746		
мая		1,20945		2,37851		
новсеже		1,00000		2,80736		
персиипескивремени	3,45943		1,00000		
принцперсиипески	3,16993		1,00000		
прямаяссылкакомментарийдобавить	1,32193		2,00000		
прямаяссылкамая	1,26303		2,16993		
ссылкаиюня	3,00000		1,00000		
ссылкакомментарийдобавитькомментарий	1,35364		1,92600		
ссылкамая	1,44057		1,76554		
