# Words		Negative	Positive	
ofpersia		3,90689		1,00000		
oftime		3,16993		1,00000		
persiathe	3,16993		1,00000		
princeof		3,70044		1,00000		
sandsof		3,16993		1,00000		
thesands		3,00000		1,00000		
thetwo		3,00000		1,00000		
twothrones	3,00000		1,00000		
ане		1,67807		1,50250		
бенкингсли	2,80736		1,00000		
брайансингер	1,00000		4,08746		
быне		3,00000		1,00000		
вбудущем		1,00000		3,00000		
вгоду		1,00000		2,80736		
весьфильм	3,58496		1,07039		
вигре		3,32193		1,00000		
витоге		2,45943		1,19265		
вкоторой		1,32193		2,00000		
вовремени	1,00000		3,32193		
вовремя		2,45943		1,19265		
впринце		2,80736		1,00000		
впрошлое		1,00000		3,32193		
впрошлом		1,00000		3,00000		
всеже		1,09954		3,16993		
вселеннойлюдей	1,00000		3,16993		
вфильме		1,70782		1,47999		
вэтой		1,00000		2,80736		
вэтом		1,67807		1,50250		
главныйгерой	3,00000		1,00000		
даи		1,66297		1,51457		
джеймсмакэвой	1,00000		3,00000		
дженниферлоуренс	1,00000		3,00000		
дниминувшего	1,00000		4,52356		
досих		1,87447		1,37851		
еслибы		2,11548		1,28011		
ив		1,45943		1,73697		
изигры		3,00000		1,11548		
изпрямая		1,58496		1,58496		
икак		1,19265		2,45943		
иксдни		1,00000		4,32193		
имагнето		1,00000		2,80736		
ине		1,32193		2,00000		
ипросто		1,00000		2,80736		
иэто		1,80736		1,41504		
июня		3,16993		1,00000		
какв		1,36257		1,90689		
кинжалавремени	3,00000		1,00000		
кинжалвремени	3,00000		1,00000		
комментарийдобавитькомментарий	1,35364		1,92600		
комментариймая	1,00000		3,45943		
людейикс		1,00000		4,45943		
людиикс		1,00000		4,95420		
людяхикс		1,00000		3,16993		
майклфассбендер	1,00000		2,80736		
мая		1,20945		2,37851		
минувшегобудущего	1,00000		4,70044		
можнобыло	2,80736		1,13750		
мутантови	1,00000		3,00000		
наэкране		1,22239		2,32193		
незнаю		2,80736		1,00000		
нетак		1,70044		1,48543		
нетолько		1,20163		2,41504		
нов		1,48543		1,70044		
новсе		1,00000		3,32193		
нои		1,32193		2,00000		
нона		3,00000		1,00000		
ноне		2,58496		1,16993		
онне		1,87447		1,37851		
первыйкласс	1,00000		2,80736		
персиипески	3,45943		1,00000		
пескивремени	4,08746		1,00000		
полноеотсутствие	2,80736		1,00000		
потомучто	1,13750		2,80736		
принцаперсии	4,39232		1,00000		
принцеперсии	2,80736		1,00000		
принцперсии	4,75489		1,00000		
приэтом		1,41504		1,80736		
прямаяссылка	1,58496		1,58496		
сигрой		3,58496		1,00000		
сихпор		1,87447		1,37851		
ссылкаиюня	3,00000		1,00000		
ссылкакомментарийдобавить	1,35364		1,92600		
ссылкамая	1,44057		1,76554		
также		1,15754		2,66297		
таки		1,58496		1,58496		
такчто		1,87447		1,37851		
точто		1,58496		1,58496		
уменя		3,16993		1,00000		
уних		2,80736		1,13750		
хотябы		2,80736		1,13750		
хьюджекман	1,00000		2,80736		
чтов		1,58496		1,58496		
чтоне		2,00000		1,32193		
чтопроисходит	2,80736		1,00000		
чтофильм		1,50250		1,67807		
чтоэто		2,00000		1,32193		
этоне		1,28951		2,08746		
яне		2,22239		1,24793		
