# Words		Negative	Positive	
of		4,45943		1,03562		
persia		3,90689		1,00000		
prince		3,70044		1,00000		
sands		3,16993		1,00000		
the		3,80736		1,05889		
thrones		3,00000		1,00000		
time		3,16993		1,00000		
two		3,00000		1,00000		
актеров		1,50250		1,67807		
актеры		2,16993		1,26303		
апокалипсис	1,00000		2,80736		
артертон		3,58496		1,00000		
без		1,32193		2,00000		
бен		3,00000		1,00000		
битвы		2,80736		1,00000		
ближнего		2,80736		1,00000		
более		1,91754		1,35755		
больше		2,00000		1,32193		
брайан		1,00000		4,16993		
будет		1,19794		2,43296		
будущего		1,00000		5,00000		
будущее		1,00000		3,45943		
будущем		1,00000		3,58496		
бы		2,10962		1,28204		
был		2,09954		1,28540		
была		1,71621		1,47393		
были		1,58496		1,58496		
было		1,78241		1,42999		
быть		2,00000		1,32193		
ведь		1,12928		2,87447		
весь		2,32193		1,22239		
видеть		1,11548		3,00000		
визиря		2,80736		1,00000		
вновь		1,00000		3,16993		
во		1,30256		2,05063		
вообще		1,79141		1,42450		
востока		3,16993		1,00000		
вот		1,82312		1,40599		
вполне		2,70044		1,15200		
времени		2,09954		1,28540		
время		1,74723		1,45251		
вроде		2,70044		1,15200		
все		1,44323		1,76139		
всё		1,28011		2,11548		
всегда		1,29546		2,07039		
всего		1,28011		2,11548		
всей		1,41504		1,80736		
вселенной	1,14684		2,73697		
всем		1,47393		1,71621		
всех		1,44479		1,75899		
всю		1,41504		1,80736		
вы		1,66297		1,51457		
выглядит		1,67807		1,50250		
выходит		2,80736		1,13750		
где		1,48543		1,70044		
героев		1,26303		2,16993		
герои		1,70044		1,48543		
герой		2,70044		1,15200		
героями		1,00000		3,00000		
главный		3,32193		1,00000		
глаза		1,87447		1,37851		
говорить		2,16993		1,26303		
года		1,00000		3,00000		
году		1,00000		2,80736		
город		3,32193		1,00000		
да		1,73697		1,45943		
дабы		2,80736		1,00000		
даже		2,35364		1,21501		
дастан		3,80736		1,00000		
дастана		3,16993		1,00000		
два		1,53052		1,64386		
две		1,22239		2,32193		
двух		1,36257		1,90689		
действие		1,00000		3,00000		
действительно	1,90689		1,36257		
джейк		3,58496		1,00000		
джейка		3,16993		1,00000		
джеймс		1,00000		3,16993		
джекман		1,00000		3,45943		
дженнифер	1,00000		3,00000		
джилленхол	3,80736		1,00000		
диалоги		3,00000		1,11548		
для		1,50901		1,66985		
дни		1,00000		4,52356		
до		1,53343		1,64046		
довольно		2,80736		1,00000		
достаточно	1,58496		1,58496		
драки		2,16993		1,26303		
друг		1,70044		1,48543		
другой		1,26303		2,16993		
думаю		1,87447		1,37851		
его		1,82852		1,40297		
ее		1,66297		1,51457		
её		2,00000		1,32193		
ей		3,00000		1,00000		
ему		1,58496		1,58496		
если		2,20645		1,25239		
есть		1,37197		1,88753		
еще		1,51096		1,66743		
ещё		1,92600		1,35364		
ждет		1,00000		2,80736		
же		1,41850		1,80145		
жизни		1,48543		1,70044		
за		1,58496		1,58496		
зачем		4,08746		1,00000		
здесь		1,22239		2,32193		
знаете		2,80736		1,13750		
знаю		2,80736		1,00000		
зрителю		1,13750		2,80736		
зрителя		1,32193		2,00000		
ибо		1,24793		2,22239		
игр		3,32193		1,00000		
игра		2,80736		1,00000		
играет		1,19265		2,45943		
играл		2,80736		1,13750		
игре		3,45943		1,07800		
игровой		3,00000		1,00000		
игрой		3,90689		1,00000		
игру		3,90689		1,05445		
игры		5,58496		1,01560		
из		1,79141		1,42450		
изза		3,32193		1,08746		
икс		1,00000		6,08746		
или		1,50901		1,66985		
им		1,80736		1,41504		
именно		1,42884		1,78427		
интересно	1,11548		3,00000		
исполнении	1,13750		2,80736		
истории		1,38702		1,85798		
историю		1,11548		3,00000		
итоге		2,41504		1,20163		
их		1,42450		1,79141		
июня		3,16993		1,00000		
каждого		1,00000		3,16993		
каждый		2,08746		1,28951		
как		1,58496		1,58496		
картине		1,00000		2,80736		
картины		1,58496		1,58496		
кингсли		3,45943		1,00000		
кинжал		4,58496		1,00000		
кинжала		3,80736		1,00000		
кинжалом		2,80736		1,00000		
кино		1,88753		1,37197		
класс		1,00000		2,80736		
когда		1,41504		1,80736		
комиксов		1,00000		2,80736		
комментарий	1,35364		1,92600		
комментарийдобавить	1,35364		1,92600		
конечно		1,28011		2,11548		
которая		1,77761		1,43296		
которого		3,45943		1,07800		
которой		1,80736		1,41504		
которые		1,44057		1,76554		
который		1,61891		1,55254		
которых		1,39232		1,84800		
кресло		1,00000		2,80736		
ксавье		1,00000		3,80736		
кто		1,49477		1,68806		
легко		1,11548		3,00000		
лет		1,32193		2,00000		
ли		1,40210		1,83008		
либо		2,80736		1,00000		
лишь		2,00000		1,32193		
логан		1,00000		3,45943		
логана		1,00000		2,80736		
лоуренс		1,00000		3,32193		
лучше		2,00000		1,32193		
лучший		1,00000		2,80736		
людей		1,02385		5,00000		
люди		1,06609		3,66297		
людьми		1,00000		2,80736		
людях		1,07800		3,45943		
магнето		1,00000		4,08746		
магнито		1,00000		2,80736		
майк		2,80736		1,00000		
майкл		1,08746		3,32193		
макэвой		1,00000		3,80736		
мало		1,76554		1,44057		
мая		1,19794		2,43296		
между		1,28011		2,11548		
меня		3,00000		1,11548		
местами		2,80736		1,00000		
минувшего	1,00000		4,70044		
минут		1,90689		1,36257		
мир		1,26303		2,16993		
мира		2,80736		1,00000		
мистик		1,00000		3,58496		
мне		1,76554		1,44057		
много		1,14684		2,73697		
могли		2,80736		1,00000		
могу		2,70044		1,15200		
могут		2,16993		1,26303		
может		1,47393		1,71621		
можно		1,72792		1,46566		
мой		1,87447		1,37851		
мутантов		1,00000		4,95420		
мутанты		1,00000		3,32193		
мы		1,50250		1,67807		
на		1,75043		1,45039		
наверное		2,32193		1,22239		
надо		3,00000		1,11548		
найти		1,11548		3,00000		
нам		1,07039		3,58496		
нас		1,35364		1,92600		
настолько	1,87447		1,37851		
начало		1,13750		2,80736		
не		1,75918		1,44466		
невозможно	1,00000		3,16993		
него		2,24793		1,24101		
немного		1,09954		3,16993		
несколько	1,28951		2,08746		
нет		1,41504		1,80736		
ни		3,58496		1,07039		
низам		2,80736		1,00000		
низама		2,80736		1,00000		
никто		1,26303		2,16993		
них		1,52356		1,65208		
ничего		3,45943		1,00000		
но		1,62449		1,54749		
новой		1,13750		2,80736		
новых		1,00000		3,16993		
ну		2,87447		1,12928		
нужно		2,00000		1,32193		
ньюэлл		2,80736		1,00000		
об		1,44057		1,76554		
образы		1,00000		2,80736		
один		2,05889		1,29956		
однако		1,87447		1,37851		
одной		1,26303		2,16993		
одну		2,00000		1,32193		
он		1,63387		1,53916		
она		1,90689		1,36257		
они		1,44746		1,75489		
особенно		1,58496		1,58496		
остальное	2,80736		1,00000		
от		1,60266		1,56769		
отлично		1,11548		3,00000		
отличный		1,36257		1,90689		
отсутствие	2,80736		1,00000		
очень		1,58496		1,58496		
ощущение		2,00000		1,32193		
паркур		3,16993		1,00000		
паркура		2,80736		1,00000		
пару		2,16993		1,26303		
пейдж		1,00000		2,80736		
первая		2,80736		1,13750		
первого		1,00000		2,80736		
первой		2,16993		1,26303		
первом		1,13750		2,80736		
первый		1,00000		3,45943		
первых		1,13750		2,80736		
перед		1,22239		2,32193		
персии		5,75489		1,00000		
персонаж		1,48543		1,70044		
персонажей	1,28540		2,09954		
песка		2,80736		1,00000		
пески		4,16993		1,00000		
плане		1,37851		1,87447		
по		1,97401		1,33258		
под		3,08746		1,10692		
полное		3,16993		1,00000		
получилось	1,37851		1,87447		
получился	2,16993		1,26303		
пор		1,87447		1,37851		
после		1,64386		1,53052		
посмотреть	2,16993		1,26303		
постоянно	2,80736		1,00000		
потом		1,37851		1,87447		
потому		1,15754		2,66297		
похож		2,80736		1,00000		
почему		4,00000		1,00000		
при		2,00000		1,32193		
принц		5,75489		1,00000		
принца		5,75489		1,00000		
принце		3,16993		1,00000		
принцесса	3,45943		1,00000		
принцессу	3,58496		1,00000		
принцу		2,80736		1,00000		
приятно		1,00000		3,00000		
про		2,58496		1,16993		
происходит	3,16993		1,00000		
просмотра	1,48543		1,70044		
просто		1,52607		1,64909		
профессор	1,00000		2,80736		
профессора	1,00000		3,32193		
прошлого		1,00000		3,16993		
прошлое		1,00000		3,45943		
прошлом		1,00000		3,32193		
прямая		1,58496		1,58496		
раз		1,67807		1,50250		
рейвен		1,00000		2,80736		
роли		1,58496		1,58496		
роль		2,45943		1,19265		
росомаха		1,00000		3,32193		
росомахи		1,00000		3,00000		
ртуть		1,00000		3,00000		
самая		1,22239		2,32193		
самого		1,50250		1,67807		
самое		1,26303		2,16993		
самой		1,80736		1,41504		
самом		1,37851		1,87447		
самый		1,45943		1,73697		
своего		1,76554		1,44057		
своей		1,90689		1,36257		
свои		1,36257		1,90689		
своим		2,16993		1,26303		
своих		1,26303		2,16993		
сделать		1,51457		1,66297		
себе		1,71621		1,47393		
себя		1,22239		2,32193		
серии		2,11548		1,28011		
сингер		1,00000		4,75489		
сингера		1,00000		3,00000		
сих		1,87447		1,37851		
сказать		1,45943		1,73697		
сказка		3,16993		1,00000		
скорее		2,16993		1,26303		
случае		2,16993		1,26303		
смотреть		1,51457		1,66297		
снова		1,19265		2,45943		
со		1,76554		1,44057		
совершенно	2,32193		1,22239		
создатели	1,92600		1,35364		
состав		1,13750		2,80736		
спецэффекты	1,58496		1,58496		
среди		1,00000		2,80736		
ссылка		1,70044		1,48543		
столь		1,11548		3,00000		
стражи		1,08746		3,32193		
сцен		2,58496		1,16993		
сцены		2,80736		1,13750		
сын		3,32193		1,08746		
сюжет		2,52356		1,18057		
сюжета		3,45943		1,07800		
та		2,80736		1,00000		
так		1,63005		1,54253		
также		1,58496		1,58496		
такие		1,90689		1,36257		
таких		1,26303		2,16993		
такое		3,00000		1,11548		
такой		1,80736		1,41504		
там		1,71621		1,47393		
тамина		3,45943		1,00000		
тем		1,53052		1,64386		
теперь		1,87447		1,37851		
то		1,54543		1,62678		
тогда		1,26303		2,16993		
того		1,70044		1,48543		
тоже		2,50250		1,18443		
только		1,58496		1,58496		
том		1,50250		1,67807		
тому		1,87447		1,37851		
тот		1,87447		1,37851		
три		1,80736		1,41504		
трилогии		1,67807		1,50250		
тут		1,77259		1,43610		
ты		1,12553		2,90689		
увы		3,00000		1,00000		
уж		1,77761		1,43296		
уже		1,39855		1,83650		
участием		1,00000		2,80736		
фара		3,16993		1,00000		
фассбендер	1,00000		3,16993		
фильм		1,89451		1,36854		
фильма		2,02106		1,31366		
фильме		1,71272		1,47644		
фильмов		1,20163		2,41504		
фильму		1,37851		1,87447		
фильмы		1,51457		1,66297		
франшизы		1,00000		4,00000		
хватает		2,11548		1,28011		
хорошо		1,16993		2,58496		
хоть		1,90689		1,36257		
хотя		1,90689		1,36257		
хочется		1,87447		1,37851		
хочу		2,80736		1,13750		
хью		1,00000		3,70044		
чарльз		1,00000		2,80736		
чарльза		1,00000		2,80736		
часа		1,09954		3,16993		
частей		1,41504		1,80736		
части		1,46949		1,72247		
часть		1,44746		1,75489		
часы		2,16993		1,26303		
чего		2,80736		1,13750		
человека		1,09954		3,16993		
чем		1,29546		2,07039		
что		1,58074		1,58921		
чтобы		1,25780		2,18763		
экране		1,24793		2,22239		
экранизации	2,80736		1,13750		
экранизация	3,00000		1,11548		
эрика		1,00000		2,80736		
эта		1,32193		2,00000		
эти		2,22239		1,24793		
это		1,61990		1,55164		
этого		1,55020		1,62149		
этой		1,22239		2,32193		
этом		1,58496		1,58496		
этот		1,89309		1,36923		
я		2,19878		1,25457		
явно		2,80736		1,13750		
